 1258.0   1.941E+06
 1325.0   3.172E+06
 1375.0   3.595E+06
 1425.0   3.585E+06
 1475.0   2.981E+06
 1525.0   1.875E+06
 1575.0   1.078E+06
 1625.0   6.171E+05
 1675.0   3.616E+05
 1727.0   1.860E+05
 1762.0   1.493E+05
 1778.0   1.072E+05
 1794.0   7.599E+04
 1810.0   4.806E+04
 1826.5   2.620E+04
 1843.5   1.156E+04
 1860.5   3.993E+03
 1878.0   1.339E+03
 1896.0   5.873E+02
 1914.0   2.678E+02
 1932.5   1.378E+02
 1951.5   7.718E+01
 1970.5   3.891E+01
 1990.0   2.017E+01
 2010.0   1.207E+01
 2030.5   9.332E+00
 2051.5   8.524E+00
 2072.5   8.060E+00
 2094.0   7.682E+00
 2116.5   7.322E+00
 2139.5   6.975E+00
 2162.5   6.662E+00
 2187.0   6.359E+00
 2211.0   6.009E+00
 2234.5   5.715E+00
 2260.0   5.423E+00
 2286.0   5.150E+00
 2312.5   4.895E+00
 2339.5   4.647E+00
 2367.0   4.417E+00
 2395.5   4.194E+00
 2424.5   3.978E+00
 2454.0   3.777E+00
 2484.5   3.584E+00
 2516.0   3.397E+00
 2548.0   3.218E+00
 2580.5   3.051E+00
 2614.5   2.891E+00
 2649.5   2.732E+00
 2685.0   2.585E+00
 2721.5   2.445E+00
 2759.0   2.311E+00
 2797.5   2.183E+00
 2837.0   2.061E+00
 2878.0   1.945E+00
 2920.0   1.831E+00
 2963.0   1.726E+00
 3007.5   1.624E+00
 3053.5   1.529E+00
 3101.0   1.436E+00
 3150.0   1.349E+00
 3200.0   1.266E+00
 3250.0   1.190E+00
 3300.0   1.120E+00
 3350.0   1.056E+00
 3400.0   9.966E-01
 3437.5   9.417E-01
 3500.0   9.158E-01
 3600.0   8.198E-01
 3700.0   7.383E-01
 3800.0   6.676E-01
 3900.0   6.060E-01
 4000.0   5.521E-01
 4100.0   5.047E-01
 4200.0   4.630E-01
 4300.0   4.260E-01
 4400.0   3.932E-01
 4500.0   3.639E-01
 4600.0   3.378E-01
 4700.0   3.143E-01
 4800.0   2.933E-01
 4900.0   2.743E-01
 5000.0   2.571E-01
 5100.0   2.415E-01
 5200.0   2.274E-01
 5300.0   2.145E-01
 5400.0   2.028E-01
 5500.0   1.920E-01
 5600.0   1.822E-01
 5700.0   1.732E-01
 5800.0   1.649E-01
 5900.0   1.572E-01
 6000.0   1.502E-01
 6100.0   1.436E-01
 6200.0   1.376E-01
 6300.0   1.320E-01
 6400.0   1.268E-01
 6500.0   1.220E-01
 6600.0   1.175E-01
 6700.0   1.133E-01
 6800.0   1.094E-01
 6900.0   1.058E-01
 7000.0   1.023E-01
 7100.0   9.915E-02
 7200.0   9.616E-02
 7300.0   9.336E-02
 7400.0   9.073E-02
 7500.0   8.825E-02
 7600.0   8.593E-02
 7700.0   8.374E-02
 7800.0   8.167E-02
 7900.0   7.973E-02
 8000.0   7.790E-02
 8100.0   7.617E-02
 8200.0   7.453E-02
 8300.0   7.298E-02
 8400.0   7.152E-02
 8500.0   7.014E-02
