     Alt      Temp       Den      Press      CO2        CO       C2H6       H2CO     CH4        HNO3       NO2      O2         O3       SO2        H2O       OCS 
  2.500E+04 2.853E+02 2.490E+19 9.804E-01 2.000E-01 2.297E-04 3.068E-12 1.233E-10 1.027E-07 2.248E-24 8.793E-21 4.799E-20 1.505E-26 5.168E-12 1.108E-02 4.022E-09
  7.500E+04 2.825E+02 2.356E+19 9.187E-01 2.000E-01 2.297E-04 3.068E-12 1.417E-10 1.027E-07 2.859E-24 1.519E-20 1.032E-19 4.620E-26 7.775E-12 9.208E-03 4.021E-09
  1.250E+05 2.797E+02 2.229E+19 8.603E-01 2.000E-01 2.297E-04 3.068E-12 1.600E-10 1.027E-07 4.001E-24 2.484E-20 2.265E-19 1.384E-25 1.005E-11 7.579E-03 4.018E-09
  1.750E+05 2.767E+02 2.108E+19 8.050E-01 2.000E-01 2.297E-04 3.068E-12 1.761E-10 1.027E-07 5.916E-24 3.968E-20 4.792E-19 3.902E-25 1.235E-11 6.159E-03 4.012E-09
  2.250E+05 2.737E+02 1.993E+19 7.528E-01 2.000E-01 2.297E-04 3.068E-12 1.894E-10 1.027E-07 8.935E-24 6.230E-20 9.901E-19 1.062E-24 1.505E-11 4.947E-03 4.000E-09
  2.750E+05 2.707E+02 1.883E+19 7.035E-01 2.000E-01 2.297E-04 3.068E-12 1.994E-10 1.027E-07 1.356E-23 9.586E-20 2.013E-18 2.812E-24 1.859E-11 3.882E-03 3.982E-09
  3.250E+05 2.676E+02 1.779E+19 6.569E-01 2.000E-01 2.297E-04 3.068E-12 2.062E-10 1.027E-07 2.065E-23 1.456E-19 4.089E-18 7.441E-24 2.355E-11 2.985E-03 3.956E-09
  3.750E+05 2.644E+02 1.680E+19 6.128E-01 2.000E-01 2.297E-04 3.068E-12 2.102E-10 1.027E-07 3.162E-23 2.191E-19 8.374E-18 1.996E-23 3.066E-11 2.243E-03 3.921E-09
  4.250E+05 2.609E+02 1.587E+19 5.713E-01 2.000E-01 2.297E-04 3.068E-12 2.117E-10 1.027E-07 4.882E-23 3.271E-19 1.735E-17 5.455E-23 4.104E-11 1.643E-03 3.875E-09
  4.750E+05 2.572E+02 1.499E+19 5.320E-01 2.000E-01 2.297E-04 3.067E-12 2.112E-10 1.027E-07 7.618E-23 4.853E-19 3.640E-17 1.522E-22 5.627E-11 1.170E-03 3.817E-09
  5.250E+05 2.533E+02 1.416E+19 4.949E-01 2.000E-01 2.297E-04 3.067E-12 2.088E-10 1.027E-07 1.203E-22 7.163E-19 7.734E-17 4.337E-22 7.870E-11 8.075E-04 3.744E-09
  5.750E+05 2.492E+02 1.338E+19 4.599E-01 2.000E-01 2.297E-04 3.067E-12 2.047E-10 1.027E-07 1.920E-22 1.052E-18 1.661E-16 1.258E-21 1.117E-10 5.387E-04 3.654E-09
  6.250E+05 2.448E+02 1.263E+19 4.268E-01 2.000E-01 2.297E-04 3.067E-12 1.988E-10 1.027E-07 3.094E-22 1.540E-18 3.589E-16 3.694E-21 1.598E-10 3.467E-04 3.544E-09
  6.750E+05 2.402E+02 1.193E+19 3.956E-01 2.000E-01 2.297E-04 3.066E-12 1.910E-10 1.027E-07 5.016E-22 2.243E-18 7.756E-16 1.087E-20 2.292E-10 2.145E-04 3.412E-09
  7.250E+05 2.355E+02 1.126E+19 3.661E-01 2.000E-01 2.297E-04 3.066E-12 1.814E-10 1.027E-07 8.147E-22 3.251E-18 1.660E-15 3.160E-20 3.267E-10 1.278E-04 3.257E-09
  7.750E+05 2.306E+02 1.063E+19 3.383E-01 2.000E-01 2.297E-04 3.066E-12 1.703E-10 1.027E-07 1.319E-21 4.686E-18 3.484E-15 8.941E-20 4.594E-10 7.343E-05 3.078E-09
  8.250E+05 2.257E+02 1.002E+19 3.120E-01 2.000E-01 2.297E-04 3.066E-12 1.584E-10 1.027E-07 2.116E-21 6.713E-18 7.110E-15 2.432E-19 6.325E-10 4.066E-05 2.875E-09
  8.750E+05 2.206E+02 9.437E+18 2.873E-01 2.000E-01 2.297E-04 3.065E-12 1.466E-10 1.027E-07 3.340E-21 9.555E-18 1.395E-14 6.263E-19 8.453E-10 2.170E-05 2.653E-09
  9.250E+05 2.155E+02 8.878E+18 2.640E-01 2.000E-01 2.297E-04 3.065E-12 1.357E-10 1.027E-07 5.176E-21 1.354E-17 2.621E-14 1.518E-18 1.092E-09 1.116E-05 2.421E-09
  9.750E+05 2.104E+02 8.342E+18 2.421E-01 2.000E-01 2.297E-04 3.065E-12 1.258E-10 1.027E-07 7.926E-21 1.922E-17 4.734E-14 3.490E-18 1.365E-09 5.524E-06 2.181E-09
  1.025E+06 2.052E+02 7.827E+18 2.216E-01 2.000E-01 2.297E-04 3.064E-12 1.171E-10 1.027E-07 1.213E-20 2.770E-17 8.283E-14 7.689E-18 1.655E-09 2.628E-06 1.937E-09
  1.075E+06 2.002E+02 7.324E+18 2.024E-01 2.000E-01 2.297E-04 3.064E-12 1.093E-10 1.027E-07 1.918E-20 4.156E-17 1.422E-13 1.648E-17 1.959E-09 1.244E-06 1.683E-09
  1.125E+06 1.993E+02 6.710E+18 1.846E-01 2.000E-01 2.297E-04 3.063E-12 1.045E-10 1.026E-07 3.255E-20 6.396E-17 2.256E-13 2.942E-17 2.226E-09 9.945E-07 1.422E-09
  1.175E+06 1.987E+02 6.137E+18 1.683E-01 2.000E-01 2.297E-04 3.061E-12 1.024E-10 1.026E-07 5.897E-20 1.077E-16 3.472E-13 5.012E-17 2.404E-09 8.662E-07 1.173E-09
  1.225E+06 1.981E+02 5.610E+18 1.534E-01 2.000E-01 2.297E-04 3.059E-12 1.032E-10 1.026E-07 1.051E-19 1.853E-16 5.114E-13 8.032E-17 2.456E-09 8.189E-07 9.741E-10
  1.275E+06 1.974E+02 5.129E+18 1.397E-01 2.000E-01 2.297E-04 3.055E-12 1.047E-10 1.026E-07 1.882E-19 3.277E-16 7.467E-13 1.268E-16 2.409E-09 7.994E-07 8.080E-10
  1.325E+06 1.967E+02 4.688E+18 1.273E-01 2.000E-01 2.297E-04 3.050E-12 1.055E-10 1.026E-07 3.538E-19 6.188E-16 1.114E-12 2.047E-16 2.260E-09 7.830E-07 6.498E-10
  1.375E+06 1.960E+02 4.285E+18 1.159E-01 2.000E-01 2.297E-04 3.042E-12 1.042E-10 1.026E-07 6.755E-19 1.203E-15 1.717E-12 3.419E-16 2.024E-09 7.624E-07 5.022E-10
  1.425E+06 1.952E+02 3.917E+18 1.055E-01 2.000E-01 2.297E-04 3.033E-12 9.991E-11 1.026E-07 1.241E-18 2.253E-15 2.751E-12 5.952E-16 1.759E-09 7.365E-07 3.767E-10
  1.475E+06 1.943E+02 3.579E+18 9.599E-02 2.000E-01 2.298E-04 3.022E-12 9.258E-11 1.026E-07 2.184E-18 4.003E-15 4.634E-12 1.092E-15 1.496E-09 7.062E-07 2.743E-10
  1.525E+06 1.934E+02 3.271E+18 8.731E-02 2.000E-01 2.298E-04 3.009E-12 8.286E-11 1.026E-07 3.720E-18 6.770E-15 8.474E-12 2.181E-15 1.246E-09 6.726E-07 1.925E-10
  1.575E+06 1.925E+02 2.987E+18 7.938E-02 2.000E-01 2.298E-04 2.994E-12 7.146E-11 1.026E-07 6.183E-18 1.078E-14 2.378E-11 6.734E-15 1.027E-09 6.371E-07 1.281E-10
  1.625E+06 1.916E+02 2.728E+18 7.213E-02 2.000E-01 2.299E-04 2.977E-12 5.495E-11 1.026E-07 1.171E-17 1.630E-14 2.936E-10 9.049E-14 8.710E-10 6.012E-07 6.598E-11
  1.675E+06 1.907E+02 2.490E+18 6.552E-02 2.000E-01 2.299E-04 2.958E-12 1.348E-11 1.026E-07 3.779E-17 2.507E-14 5.834E-09 1.291E-12 7.971E-10 5.657E-07 1.177E-11
  1.725E+06 1.897E+02 2.272E+18 5.949E-02 2.000E-01 2.300E-04 2.939E-12 5.206E-13 1.025E-07 1.019E-16 4.860E-14 4.766E-08 5.248E-12 7.129E-10 5.310E-07 1.581E-12
  1.775E+06 1.888E+02 2.072E+18 5.399E-02 2.000E-01 2.303E-04 2.918E-12 2.298E-14 1.025E-07 1.785E-16 7.937E-14 1.576E-07 1.239E-11 6.303E-10 4.971E-07 2.231E-13
  1.825E+06 1.878E+02 1.889E+18 4.897E-02 2.000E-01 2.307E-04 2.897E-12 6.538E-15 1.025E-07 2.743E-16 1.143E-13 3.483E-07 2.157E-11 5.607E-10 4.638E-07 3.852E-14
  1.875E+06 1.868E+02 1.722E+18 4.440E-02 2.000E-01 2.313E-04 2.875E-12 6.388E-15 1.025E-07 3.919E-16 1.521E-13 6.324E-07 3.254E-11 5.019E-10 4.312E-07 9.537E-15
  1.925E+06 1.858E+02 1.569E+18 4.023E-02 2.000E-01 2.321E-04 2.852E-12 7.029E-15 1.024E-07 5.321E-16 1.922E-13 1.022E-06 4.523E-11 4.519E-10 3.992E-07 3.423E-15
  1.975E+06 1.848E+02 1.429E+18 3.644E-02 2.000E-01 2.332E-04 2.829E-12 7.785E-15 1.024E-07 6.954E-16 2.340E-13 1.527E-06 5.936E-11 4.095E-10 3.684E-07 1.565E-15
  2.025E+06 1.838E+02 1.300E+18 3.298E-02 2.000E-01 2.345E-04 2.807E-12 8.597E-15 1.024E-07 8.830E-16 2.775E-13 2.155E-06 7.457E-11 3.734E-10 3.391E-07 8.165E-16
  2.075E+06 1.828E+02 1.183E+18 2.984E-02 2.000E-01 2.360E-04 2.785E-12 9.461E-15 1.023E-07 1.100E-15 3.233E-13 2.921E-06 9.063E-11 3.421E-10 3.119E-07 4.578E-16
  2.125E+06 1.818E+02 1.076E+18 2.699E-02 2.000E-01 2.379E-04 2.763E-12 1.038E-14 1.023E-07 1.354E-15 3.723E-13 3.848E-06 1.073E-10 3.146E-10 2.871E-07 2.685E-16
  2.175E+06 1.808E+02 9.773E+17 2.439E-02 2.000E-01 2.401E-04 2.741E-12 1.136E-14 1.023E-07 1.646E-15 4.242E-13 4.949E-06 1.245E-10 2.904E-10 2.646E-07 1.632E-16
  2.225E+06 1.799E+02 8.875E+17 2.203E-02 2.000E-01 2.427E-04 2.721E-12 1.238E-14 1.022E-07 1.976E-15 4.785E-13 6.238E-06 1.419E-10 2.692E-10 2.443E-07 1.024E-16
  2.275E+06 1.789E+02 8.055E+17 1.989E-02 2.000E-01 2.458E-04 2.701E-12 1.344E-14 1.022E-07 2.338E-15 5.345E-13 7.735E-06 1.600E-10 2.507E-10 2.256E-07 6.605E-17
  2.325E+06 1.780E+02 7.307E+17 1.795E-02 2.000E-01 2.492E-04 2.681E-12 1.453E-14 1.022E-07 2.723E-15 5.913E-13 9.464E-06 1.789E-10 2.347E-10 2.084E-07 4.371E-17
  2.375E+06 1.770E+02 6.625E+17 1.619E-02 2.000E-01 2.532E-04 2.662E-12 1.563E-14 1.021E-07 3.118E-15 6.480E-13 1.145E-05 1.992E-10 2.208E-10 1.923E-07 2.963E-17
  2.425E+06 1.761E+02 6.004E+17 1.459E-02 2.000E-01 2.578E-04 2.644E-12 1.672E-14 1.021E-07 3.506E-15 7.035E-13 1.372E-05 2.211E-10 2.088E-10 1.775E-07 2.057E-17
  2.475E+06 1.752E+02 5.437E+17 1.314E-02 2.000E-01 2.629E-04 2.627E-12 1.780E-14 1.021E-07 3.869E-15 7.572E-13 1.629E-05 2.448E-10 1.985E-10 1.640E-07 1.460E-17
  2.525E+06 1.743E+02 4.921E+17 1.183E-02 2.000E-01 2.688E-04 2.610E-12 1.888E-14 1.020E-07 4.196E-15 8.084E-13 1.920E-05 2.703E-10 1.897E-10 1.524E-07 1.060E-17
  2.575E+06 1.734E+02 4.450E+17 1.065E-02 2.000E-01 2.753E-04 2.595E-12 1.997E-14 1.020E-07 4.474E-15 8.571E-13 2.248E-05 2.975E-10 1.822E-10 1.429E-07 7.865E-18
  2.625E+06 1.727E+02 4.021E+17 9.581E-03 2.000E-01 2.827E-04 2.579E-12 2.106E-14 1.019E-07 4.699E-15 9.035E-13 2.616E-05 3.261E-10 1.758E-10 1.358E-07 5.954E-18
  2.675E+06 1.720E+02 3.630E+17 8.615E-03 2.000E-01 2.910E-04 2.565E-12 2.218E-14 1.019E-07 4.863E-15 9.473E-13 3.029E-05 3.558E-10 1.702E-10 1.308E-07 4.596E-18
  2.725E+06 1.714E+02 3.274E+17 7.743E-03 2.000E-01 3.002E-04 2.551E-12 2.331E-14 1.019E-07 4.960E-15 9.879E-13 3.488E-05 3.865E-10 1.655E-10 1.278E-07 3.619E-18
  2.775E+06 1.708E+02 2.951E+17 6.957E-03 2.000E-01 3.103E-04 2.537E-12 2.445E-14 1.018E-07 4.977E-15 1.023E-12 3.995E-05 4.183E-10 1.616E-10 1.259E-07 2.910E-18
  2.825E+06 1.703E+02 2.658E+17 6.249E-03 2.000E-01 3.214E-04 2.524E-12 2.557E-14 1.018E-07 4.906E-15 1.051E-12 4.550E-05 4.520E-10 1.584E-10 1.230E-07 2.389E-18
  2.875E+06 1.699E+02 2.394E+17 5.611E-03 2.000E-01 3.337E-04 2.512E-12 2.668E-14 1.017E-07 4.757E-15 1.072E-12 5.162E-05 4.891E-10 1.558E-10 1.194E-07 1.995E-18
  2.925E+06 1.694E+02 2.155E+17 5.037E-03 2.000E-01 3.472E-04 2.500E-12 2.775E-14 1.017E-07 4.542E-15 1.084E-12 5.842E-05 5.312E-10 1.536E-10 1.152E-07 1.690E-18
  2.975E+06 1.688E+02 1.941E+17 4.521E-03 2.000E-01 3.622E-04 2.489E-12 2.878E-14 1.016E-07 4.274E-15 1.087E-12 6.591E-05 5.794E-10 1.519E-10 1.105E-07 1.449E-18
  3.025E+06 1.682E+02 1.748E+17 4.055E-03 2.000E-01 3.786E-04 2.478E-12 2.977E-14 1.015E-07 3.968E-15 1.080E-12 7.410E-05 6.345E-10 1.504E-10 1.055E-07 1.256E-18
  3.075E+06 1.674E+02 1.574E+17 3.636E-03 2.000E-01 3.963E-04 2.467E-12 3.075E-14 1.015E-07 3.636E-15 1.062E-12 8.294E-05 6.974E-10 1.492E-10 1.003E-07 1.100E-18
  3.125E+06 1.666E+02 1.418E+17 3.259E-03 2.000E-01 4.153E-04 2.457E-12 3.173E-14 1.014E-07 3.291E-15 1.033E-12 9.244E-05 7.695E-10 1.482E-10 9.499E-08 9.731E-19
  3.175E+06 1.657E+02 1.277E+17 2.919E-03 2.000E-01 4.358E-04 2.447E-12 3.279E-14 1.013E-07 2.941E-15 9.926E-13 1.027E-04 8.526E-10 1.474E-10 8.956E-08 8.687E-19
  3.225E+06 1.647E+02 1.150E+17 2.613E-03 2.000E-01 4.580E-04 2.438E-12 3.401E-14 1.013E-07 2.591E-15 9.419E-13 1.138E-04 9.489E-10 1.465E-10 8.397E-08 7.831E-19
  3.275E+06 1.638E+02 1.035E+17 2.338E-03 2.000E-01 4.820E-04 2.429E-12 3.545E-14 1.012E-07 2.248E-15 8.816E-13 1.258E-04 1.061E-09 1.457E-10 7.818E-08 7.134E-19
  3.325E+06 1.628E+02 9.304E+16 2.090E-03 2.000E-01 5.079E-04 2.420E-12 3.716E-14 1.011E-07 1.921E-15 8.130E-13 1.387E-04 1.191E-09 1.449E-10 7.213E-08 6.571E-19
  3.375E+06 1.619E+02 8.360E+16 1.868E-03 2.000E-01 5.357E-04 2.411E-12 3.920E-14 1.010E-07 1.616E-15 7.386E-13 1.526E-04 1.341E-09 1.440E-10 6.593E-08 6.116E-19
  3.425E+06 1.610E+02 7.505E+16 1.668E-03 2.000E-01 5.654E-04 2.402E-12 4.153E-14 1.009E-07 1.344E-15 6.636E-13 1.675E-04 1.509E-09 1.429E-10 6.065E-08 5.743E-19
  3.475E+06 1.603E+02 6.732E+16 1.489E-03 2.000E-01 5.972E-04 2.393E-12 4.412E-14 1.008E-07 1.109E-15 5.916E-13 1.834E-04 1.692E-09 1.417E-10 5.649E-08 5.427E-19
  3.525E+06 1.595E+02 6.032E+16 1.328E-03 2.000E-01 6.314E-04 2.384E-12 4.694E-14 1.007E-07 9.108E-16 5.251E-13 2.005E-04 1.888E-09 1.404E-10 5.352E-08 5.154E-19
  3.575E+06 1.589E+02 5.399E+16 1.184E-03 2.000E-01 6.679E-04 2.376E-12 4.992E-14 1.006E-07 7.455E-16 4.651E-13 2.187E-04 2.093E-09 1.389E-10 5.188E-08 4.920E-19
  3.625E+06 1.585E+02 4.826E+16 1.055E-03 2.000E-01 7.064E-04 2.367E-12 5.303E-14 1.005E-07 6.086E-16 4.115E-13 2.380E-04 2.298E-09 1.373E-10 5.181E-08 4.730E-19
  3.675E+06 1.582E+02 4.308E+16 9.404E-04 2.000E-01 7.473E-04 2.358E-12 5.633E-14 1.004E-07 4.944E-16 3.633E-13 2.584E-04 2.505E-09 1.355E-10 5.309E-08 4.590E-19
  3.725E+06 1.581E+02 3.841E+16 8.378E-04 2.000E-01 7.909E-04 2.350E-12 6.003E-14 1.003E-07 3.972E-16 3.180E-13 2.803E-04 2.725E-09 1.335E-10 5.435E-08 4.508E-19
  3.775E+06 1.581E+02 3.421E+16 7.464E-04 2.000E-01 8.377E-04 2.341E-12 6.425E-14 1.002E-07 3.148E-16 2.757E-13 3.037E-04 2.966E-09 1.312E-10 5.549E-08 4.488E-19
  3.825E+06 1.584E+02 3.042E+16 6.651E-04 2.000E-01 8.881E-04 2.332E-12 6.910E-14 1.000E-07 2.461E-16 2.370E-13 3.288E-04 3.225E-09 1.285E-10 5.659E-08 4.530E-19
  3.875E+06 1.590E+02 2.703E+16 5.929E-04 2.000E-01 9.419E-04 2.323E-12 7.459E-14 9.986E-08 1.900E-16 2.022E-13 3.557E-04 3.502E-09 1.256E-10 5.768E-08 4.628E-19
  3.925E+06 1.596E+02 2.400E+16 5.287E-04 2.000E-01 9.993E-04 2.314E-12 8.067E-14 9.970E-08 1.456E-16 1.718E-13 3.844E-04 3.799E-09 1.223E-10 5.881E-08 4.763E-19
  3.975E+06 1.604E+02 2.131E+16 4.717E-04 2.000E-01 1.061E-03 2.305E-12 8.729E-14 9.954E-08 1.112E-16 1.459E-13 4.151E-04 4.114E-09 1.187E-10 6.000E-08 4.918E-19
  4.025E+06 1.613E+02 1.893E+16 4.212E-04 2.000E-01 1.126E-03 2.295E-12 9.439E-14 9.936E-08 8.495E-17 1.242E-13 4.480E-04 4.447E-09 1.149E-10 6.126E-08 5.076E-19
  4.075E+06 1.621E+02 1.682E+16 3.762E-04 2.000E-01 1.197E-03 2.286E-12 1.018E-13 9.916E-08 6.520E-17 1.066E-13 4.834E-04 4.798E-09 1.109E-10 6.262E-08 5.215E-19
  4.125E+06 1.630E+02 1.496E+16 3.363E-04 2.000E-01 1.273E-03 2.276E-12 1.095E-13 9.896E-08 5.047E-17 9.231E-14 5.215E-04 5.166E-09 1.068E-10 6.409E-08 5.318E-19
  4.175E+06 1.638E+02 1.331E+16 3.008E-04 2.000E-01 1.355E-03 2.266E-12 1.173E-13 9.874E-08 3.946E-17 8.082E-14 5.624E-04 5.547E-09 1.027E-10 6.566E-08 5.371E-19
  4.225E+06 1.644E+02 1.186E+16 2.692E-04 2.000E-01 1.443E-03 2.256E-12 1.250E-13 9.850E-08 3.126E-17 7.165E-14 6.060E-04 5.943E-09 9.859E-11 6.734E-08 5.365E-19
  4.275E+06 1.650E+02 1.058E+16 2.410E-04 2.000E-01 1.535E-03 2.245E-12 1.326E-13 9.826E-08 2.507E-17 6.427E-14 6.524E-04 6.349E-09 9.455E-11 6.914E-08 5.298E-19
  4.325E+06 1.655E+02 9.449E+15 2.158E-04 2.000E-01 1.634E-03 2.235E-12 1.398E-13 9.800E-08 2.035E-17 5.833E-14 7.016E-04 6.761E-09 9.060E-11 7.107E-08 5.175E-19
  4.375E+06 1.659E+02 8.447E+15 1.933E-04 2.000E-01 1.738E-03 2.224E-12 1.466E-13 9.772E-08 1.673E-17 5.359E-14 7.536E-04 7.180E-09 8.680E-11 7.318E-08 5.000E-19
  4.425E+06 1.661E+02 7.557E+15 1.732E-04 2.000E-01 1.848E-03 2.213E-12 1.528E-13 9.743E-08 1.392E-17 4.979E-14 8.084E-04 7.599E-09 8.314E-11 7.550E-08 4.786E-19
  4.475E+06 1.663E+02 6.765E+15 1.553E-04 2.000E-01 1.965E-03 2.202E-12 1.583E-13 9.713E-08 1.170E-17 4.687E-14 8.670E-04 8.006E-09 7.967E-11 7.813E-08 4.544E-19
  4.525E+06 1.664E+02 6.058E+15 1.392E-04 2.000E-01 2.091E-03 2.191E-12 1.631E-13 9.680E-08 9.958E-18 4.479E-14 9.301E-04 8.391E-09 7.642E-11 8.121E-08 4.281E-19
  4.575E+06 1.666E+02 5.427E+15 1.247E-04 2.000E-01 2.225E-03 2.179E-12 1.670E-13 9.645E-08 8.544E-18 4.326E-14 9.971E-04 8.744E-09 7.335E-11 8.480E-08 4.014E-19
  4.625E+06 1.667E+02 4.861E+15 1.118E-04 2.000E-01 2.366E-03 2.167E-12 1.699E-13 9.609E-08 7.371E-18 4.212E-14 1.067E-03 9.056E-09 7.041E-11 8.899E-08 3.753E-19
  4.675E+06 1.669E+02 4.354E+15 1.003E-04 2.000E-01 2.514E-03 2.155E-12 1.716E-13 9.570E-08 6.384E-18 4.134E-14 1.141E-03 9.311E-09 6.760E-11 9.396E-08 3.504E-19
  4.725E+06 1.671E+02 3.900E+15 8.992E-05 2.000E-01 2.672E-03 2.143E-12 1.721E-13 9.529E-08 5.554E-18 4.096E-14 1.220E-03 9.496E-09 6.494E-11 9.993E-08 3.269E-19
  4.775E+06 1.673E+02 3.492E+15 8.064E-05 2.000E-01 2.840E-03 2.130E-12 1.713E-13 9.486E-08 4.858E-18 4.100E-14 1.304E-03 9.603E-09 6.241E-11 1.072E-07 3.047E-19
  4.825E+06 1.676E+02 3.127E+15 7.234E-05 2.000E-01 3.019E-03 2.116E-12 1.690E-13 9.440E-08 4.270E-18 4.141E-14 1.394E-03 9.620E-09 6.000E-11 1.160E-07 2.838E-19
  4.875E+06 1.680E+02 2.801E+15 6.491E-05 2.000E-01 3.210E-03 2.102E-12 1.653E-13 9.391E-08 3.776E-18 4.220E-14 1.489E-03 9.544E-09 5.770E-11 1.266E-07 2.641E-19
  4.925E+06 1.683E+02 2.509E+15 5.825E-05 2.000E-01 3.412E-03 2.087E-12 1.600E-13 9.339E-08 3.360E-18 4.336E-14 1.589E-03 9.355E-09 5.551E-11 1.395E-07 2.455E-19
  4.975E+06 1.686E+02 2.248E+15 5.229E-05 2.000E-01 3.626E-03 2.072E-12 1.532E-13 9.283E-08 3.017E-18 4.494E-14 1.696E-03 9.033E-09 5.346E-11 1.549E-07 2.279E-19
  5.025E+06 1.689E+02 2.015E+15 4.695E-05 2.000E-01 3.854E-03 2.056E-12 1.446E-13 9.225E-08 2.743E-18 4.702E-14 1.810E-03 8.548E-09 5.161E-11 1.736E-07 2.110E-19
  5.075E+06 1.691E+02 1.807E+15 4.216E-05 2.000E-01 4.097E-03 2.039E-12 1.343E-13 9.162E-08 2.540E-18 4.970E-14 1.931E-03 7.883E-09 5.007E-11 1.961E-07 1.947E-19
  5.125E+06 1.694E+02 1.620E+15 3.787E-05 2.000E-01 4.356E-03 2.021E-12 1.227E-13 9.095E-08 2.410E-18 5.311E-14 2.061E-03 7.036E-09 4.901E-11 2.230E-07 1.790E-19
  5.175E+06 1.696E+02 1.453E+15 3.401E-05 2.000E-01 4.633E-03 2.002E-12 1.102E-13 9.024E-08 2.360E-18 5.747E-14 2.199E-03 6.036E-09 4.861E-11 2.549E-07 1.637E-19
  5.225E+06 1.698E+02 1.304E+15 3.056E-05 2.000E-01 4.928E-03 1.982E-12 9.787E-14 8.947E-08 2.406E-18 6.312E-14 2.346E-03 4.949E-09 4.913E-11 2.921E-07 1.490E-19
  5.275E+06 1.701E+02 1.170E+15 2.746E-05 2.000E-01 5.244E-03 1.961E-12 8.703E-14 8.866E-08 2.558E-18 7.049E-14 2.504E-03 3.879E-09 5.075E-11 3.345E-07 1.348E-19
  5.325E+06 1.704E+02 1.050E+15 2.468E-05 2.000E-01 5.581E-03 1.939E-12 7.932E-14 8.779E-08 2.804E-18 7.960E-14 2.673E-03 2.941E-09 5.346E-11 3.813E-07 1.214E-19
  5.375E+06 1.707E+02 9.420E+14 2.219E-05 2.000E-01 5.940E-03 1.916E-12 7.605E-14 8.686E-08 3.055E-18 8.812E-14 2.852E-03 2.248E-09 5.679E-11 4.300E-07 1.089E-19
  5.425E+06 1.710E+02 8.454E+14 1.995E-05 2.000E-01 6.324E-03 1.891E-12 7.750E-14 8.588E-08 3.109E-18 8.977E-14 3.044E-03 1.877E-09 5.958E-11 4.758E-07 9.744E-20
  5.475E+06 1.713E+02 7.590E+14 1.794E-05 2.000E-01 6.733E-03 1.865E-12 8.224E-14 8.484E-08 2.809E-18 8.095E-14 3.247E-03 1.873E-09 6.049E-11 5.123E-07 8.723E-20
  5.525E+06 1.716E+02 6.816E+14 1.614E-05 2.000E-01 7.168E-03 1.838E-12 8.759E-14 8.374E-08 2.248E-18 6.895E-14 3.462E-03 2.259E-09 5.881E-11 5.342E-07 7.805E-20
  5.575E+06 1.717E+02 6.127E+14 1.452E-05 2.000E-01 7.631E-03 1.810E-12 9.131E-14 8.259E-08 1.642E-18 6.059E-14 3.687E-03 3.046E-09 5.512E-11 5.405E-07 6.956E-20
  5.625E+06 1.717E+02 5.512E+14 1.307E-05 2.000E-01 8.119E-03 1.780E-12 9.302E-14 8.138E-08 1.105E-18 5.365E-14 3.919E-03 4.207E-09 5.094E-11 5.336E-07 6.144E-20
  5.675E+06 1.716E+02 4.965E+14 1.175E-05 2.000E-01 8.631E-03 1.750E-12 9.376E-14 8.011E-08 6.903E-19 4.518E-14 4.154E-03 5.678E-09 4.780E-11 5.174E-07 5.355E-20
  5.725E+06 1.713E+02 4.474E+14 1.057E-05 2.000E-01 9.166E-03 1.718E-12 9.472E-14 7.879E-08 4.071E-19 3.589E-14 4.390E-03 7.367E-09 4.634E-11 4.953E-07 4.601E-20
  5.775E+06 1.709E+02 4.033E+14 9.510E-06 2.000E-01 9.721E-03 1.686E-12 9.654E-14 7.742E-08 2.318E-19 2.759E-14 4.624E-03 9.168E-09 4.638E-11 4.697E-07 3.902E-20
  5.825E+06 1.706E+02 3.632E+14 8.551E-06 2.000E-01 1.030E-02 1.652E-12 9.920E-14 7.600E-08 1.297E-19 2.101E-14 4.852E-03 1.094E-08 4.734E-11 4.424E-07 3.279E-20
  5.875E+06 1.704E+02 3.270E+14 7.688E-06 2.000E-01 1.089E-02 1.618E-12 1.028E-13 7.452E-08 7.218E-20 1.608E-14 5.073E-03 1.262E-08 4.867E-11 4.146E-07 2.739E-20
  5.925E+06 1.704E+02 2.940E+14 6.912E-06 2.000E-01 1.151E-02 1.583E-12 1.072E-13 7.299E-08 4.023E-20 1.236E-14 5.285E-03 1.406E-08 4.996E-11 3.872E-07 2.285E-20
  5.975E+06 1.704E+02 2.643E+14 6.215E-06 2.000E-01 1.215E-02 1.547E-12 1.132E-13 7.141E-08 2.257E-20 9.574E-15 5.487E-03 1.533E-08 5.099E-11 3.606E-07 1.908E-20
  6.025E+06 1.704E+02 2.376E+14 5.587E-06 2.000E-01 1.280E-02 1.510E-12 1.217E-13 6.977E-08 1.277E-20 7.466E-15 5.675E-03 1.639E-08 5.162E-11 3.353E-07 1.601E-20
  6.075E+06 1.704E+02 2.136E+14 5.024E-06 2.000E-01 1.348E-02 1.472E-12 1.352E-13 6.808E-08 7.297E-21 5.853E-15 5.850E-03 1.723E-08 5.182E-11 3.114E-07 1.354E-20
  6.125E+06 1.704E+02 1.921E+14 4.517E-06 2.000E-01 1.417E-02 1.434E-12 1.587E-13 6.632E-08 4.213E-21 4.605E-15 6.009E-03 1.785E-08 5.158E-11 2.890E-07 1.156E-20
  6.175E+06 1.704E+02 1.727E+14 4.061E-06 2.000E-01 1.489E-02 1.395E-12 2.021E-13 6.452E-08 2.456E-21 3.635E-15 6.152E-03 1.826E-08 5.093E-11 2.681E-07 9.971E-21
  6.225E+06 1.704E+02 1.553E+14 3.652E-06 2.000E-01 1.563E-02 1.355E-12 2.831E-13 6.265E-08 1.446E-21 2.875E-15 6.277E-03 1.844E-08 4.989E-11 2.486E-07 8.706E-21
  6.275E+06 1.704E+02 1.396E+14 3.283E-06 2.000E-01 1.639E-02 1.314E-12 4.295E-13 6.072E-08 8.589E-22 2.277E-15 6.383E-03 1.843E-08 4.850E-11 2.306E-07 7.694E-21
  6.325E+06 1.704E+02 1.256E+14 2.952E-06 2.000E-01 1.717E-02 1.272E-12 6.821E-13 5.873E-08 5.148E-22 1.806E-15 6.471E-03 1.823E-08 4.682E-11 2.138E-07 6.883E-21
  6.375E+06 1.704E+02 1.129E+14 2.655E-06 2.000E-01 1.797E-02 1.230E-12 1.095E-12 5.668E-08 3.113E-22 1.434E-15 6.541E-03 1.785E-08 4.488E-11 1.983E-07 6.230E-21
  6.425E+06 1.704E+02 1.015E+14 2.387E-06 2.000E-01 1.880E-02 1.187E-12 1.733E-12 5.457E-08 1.899E-22 1.140E-15 6.591E-03 1.733E-08 4.273E-11 1.839E-07 5.701E-21
  6.475E+06 1.704E+02 9.128E+13 2.146E-06 2.000E-01 1.965E-02 1.143E-12 2.669E-12 5.241E-08 1.169E-22 9.067E-16 6.624E-03 1.668E-08 4.041E-11 1.705E-07 5.270E-21
  6.525E+06 1.704E+02 8.208E+13 1.930E-06 2.000E-01 2.053E-02 1.099E-12 3.975E-12 5.020E-08 7.261E-23 7.224E-16 6.639E-03 1.593E-08 3.797E-11 1.581E-07 4.918E-21
  6.575E+06 1.704E+02 7.381E+13 1.736E-06 2.000E-01 2.142E-02 1.054E-12 5.716E-12 4.795E-08 4.554E-23 5.767E-16 6.638E-03 1.510E-08 3.544E-11 1.465E-07 4.629E-21
  6.625E+06 1.704E+02 6.638E+13 1.561E-06 2.000E-01 2.235E-02 1.009E-12 7.942E-12 4.568E-08 2.885E-23 4.618E-16 6.621E-03 1.421E-08 3.288E-11 1.358E-07 4.390E-21
  6.675E+06 1.704E+02 5.969E+13 1.404E-06 2.000E-01 2.329E-02 9.633E-13 1.068E-11 4.340E-08 1.848E-23 3.715E-16 6.590E-03 1.329E-08 3.033E-11 1.258E-07 4.191E-21
  6.725E+06 1.704E+02 5.368E+13 1.262E-06 2.000E-01 2.425E-02 9.184E-13 1.393E-11 4.114E-08 1.199E-23 3.006E-16 6.547E-03 1.235E-08 2.783E-11 1.165E-07 4.026E-21
  6.775E+06 1.704E+02 4.827E+13 1.135E-06 2.000E-01 2.524E-02 8.740E-13 1.765E-11 3.890E-08 7.908E-24 2.452E-16 6.493E-03 1.141E-08 2.544E-11 1.080E-07 3.888E-21
  6.825E+06 1.704E+02 4.341E+13 1.021E-06 2.000E-01 2.627E-02 8.293E-13 2.171E-11 3.665E-08 5.259E-24 2.019E-16 6.426E-03 1.051E-08 2.315E-11 9.989E-08 3.769E-21
  6.875E+06 1.704E+02 3.904E+13 9.181E-07 2.000E-01 2.739E-02 7.830E-13 2.596E-11 3.434E-08 3.490E-24 1.679E-16 6.347E-03 9.661E-09 2.094E-11 9.197E-08 3.665E-21
  6.925E+06 1.704E+02 3.511E+13 8.257E-07 2.000E-01 2.859E-02 7.356E-13 3.018E-11 3.198E-08 2.315E-24 1.413E-16 6.255E-03 8.857E-09 1.884E-11 8.428E-08 3.574E-21
  6.975E+06 1.704E+02 3.158E+13 7.426E-07 2.000E-01 2.989E-02 6.876E-13 3.420E-11 2.960E-08 1.536E-24 1.207E-16 6.150E-03 8.099E-09 1.687E-11 7.687E-08 3.495E-21
  7.025E+06 1.704E+02 2.840E+13 6.679E-07 2.000E-01 3.128E-02 6.394E-13 3.788E-11 2.724E-08 1.021E-24 1.046E-16 6.032E-03 7.385E-09 1.505E-11 6.979E-08 3.428E-21
  7.075E+06 1.704E+02 2.554E+13 6.007E-07 2.000E-01 3.276E-02 5.917E-13 4.107E-11 2.493E-08 6.805E-25 9.221E-17 5.904E-03 6.712E-09 1.336E-11 6.306E-08 3.373E-21
  7.125E+06 1.704E+02 2.298E+13 5.402E-07 2.000E-01 3.433E-02 5.448E-13 4.369E-11 2.268E-08 4.556E-25 8.255E-17 5.764E-03 6.082E-09 1.182E-11 5.673E-08 3.329E-21
  7.175E+06 1.704E+02 2.066E+13 4.859E-07 2.000E-01 3.600E-02 4.992E-13 4.569E-11 2.051E-08 3.069E-25 7.504E-17 5.615E-03 5.491E-09 1.042E-11 5.080E-08 3.295E-21
  7.225E+06 1.704E+02 1.859E+13 4.370E-07 2.000E-01 3.775E-02 4.553E-13 4.704E-11 1.846E-08 2.085E-25 6.916E-17 5.456E-03 4.941E-09 9.150E-12 4.529E-08 3.270E-21
  7.275E+06 1.704E+02 1.672E+13 3.931E-07 2.000E-01 3.959E-02 4.133E-13 4.776E-11 1.652E-08 1.430E-25 6.451E-17 5.290E-03 4.430E-09 8.009E-12 4.022E-08 3.256E-21
  7.325E+06 1.704E+02 1.504E+13 3.536E-07 2.000E-01 4.152E-02 3.736E-13 4.788E-11 1.472E-08 9.937E-26 6.079E-17 5.117E-03 3.958E-09 6.987E-12 3.558E-08 3.250E-21
  7.375E+06 1.704E+02 1.353E+13 3.180E-07 2.000E-01 4.353E-02 3.364E-13 4.746E-11 1.305E-08 7.004E-26 5.775E-17 4.939E-03 3.522E-09 6.077E-12 3.135E-08 3.252E-21
  7.425E+06 1.704E+02 1.217E+13 2.861E-07 2.000E-01 4.561E-02 3.016E-13 4.657E-11 1.152E-08 5.018E-26 5.522E-17 4.756E-03 3.122E-09 5.269E-12 2.753E-08 3.263E-21
  7.475E+06 1.704E+02 1.094E+13 2.573E-07 2.000E-01 4.778E-02 2.695E-13 4.528E-11 1.012E-08 3.661E-26 5.306E-17 4.571E-03 2.757E-09 4.556E-12 2.409E-08 3.280E-21
  7.525E+06 1.704E+02 9.844E+12 2.315E-07 2.000E-01 5.002E-02 2.400E-13 4.367E-11 8.866E-09 2.720E-26 5.115E-17 4.384E-03 2.425E-09 3.930E-12 2.102E-08 3.304E-21
  7.575E+06 1.704E+02 8.855E+12 2.082E-07 2.000E-01 5.232E-02 2.130E-13 4.182E-11 7.736E-09 2.059E-26 4.944E-17 4.197E-03 2.124E-09 3.381E-12 1.829E-08 3.335E-21
  7.625E+06 1.704E+02 7.965E+12 1.873E-07 2.000E-01 5.469E-02 1.885E-13 3.978E-11 6.728E-09 1.587E-26 4.785E-17 4.011E-03 1.853E-09 2.901E-12 1.587E-08 3.370E-21
  7.675E+06 1.704E+02 7.165E+12 1.685E-07 2.000E-01 5.712E-02 1.664E-13 3.763E-11 5.834E-09 1.243E-26 4.636E-17 3.826E-03 1.610E-09 2.485E-12 1.374E-08 3.411E-21
  7.725E+06 1.704E+02 6.446E+12 1.516E-07 2.000E-01 5.961E-02 1.465E-13 3.541E-11 5.044E-09 9.884E-27 4.493E-17 3.644E-03 1.393E-09 2.124E-12 1.187E-08 3.456E-21
  7.775E+06 1.704E+02 5.799E+12 1.364E-07 2.000E-01 6.215E-02 1.287E-13 3.317E-11 4.350E-09 7.955E-27 4.356E-17 3.466E-03 1.201E-09 1.811E-12 1.023E-08 3.505E-21
  7.825E+06 1.704E+02 5.217E+12 1.227E-07 2.000E-01 6.474E-02 1.128E-13 3.094E-11 3.743E-09 6.468E-27 4.222E-17 3.292E-03 1.030E-09 1.542E-12 8.798E-09 3.556E-21
  7.875E+06 1.704E+02 4.693E+12 1.104E-07 2.000E-01 6.737E-02 9.864E-14 2.876E-11 3.214E-09 5.303E-27 4.092E-17 3.122E-03 8.805E-10 1.311E-12 7.556E-09 3.610E-21
  7.925E+06 1.704E+02 4.222E+12 9.928E-08 2.000E-01 7.005E-02 8.614E-14 2.665E-11 2.754E-09 4.377E-27 3.965E-17 2.959E-03 7.493E-10 1.113E-12 6.479E-09 3.665E-21
  7.975E+06 1.704E+02 3.798E+12 8.932E-08 2.000E-01 7.276E-02 7.510E-14 2.462E-11 2.355E-09 3.631E-27 3.841E-17 2.800E-03 6.350E-10 9.432E-13 5.548E-09 3.720E-21
  8.025E+06 1.704E+02 3.417E+12 8.036E-08 2.000E-01 7.551E-02 6.538E-14 2.269E-11 2.011E-09 3.024E-27 3.720E-17 2.648E-03 5.359E-10 7.984E-13 4.744E-09 3.776E-21
  8.075E+06 1.704E+02 3.074E+12 7.229E-08 2.000E-01 7.829E-02 5.685E-14 2.086E-11 1.715E-09 2.525E-27 3.602E-17 2.502E-03 4.503E-10 6.750E-13 4.052E-09 3.830E-21
  8.125E+06 1.704E+02 2.766E+12 6.504E-08 2.000E-01 8.110E-02 4.937E-14 1.914E-11 1.460E-09 2.114E-27 3.488E-17 2.362E-03 3.769E-10 5.701E-13 3.457E-09 3.883E-21
  8.175E+06 1.704E+02 2.489E+12 5.852E-08 2.000E-01 8.393E-02 4.283E-14 1.753E-11 1.242E-09 1.773E-27 3.376E-17 2.229E-03 3.142E-10 4.810E-13 2.947E-09 3.933E-21
  8.225E+06 1.704E+02 2.239E+12 5.265E-08 2.000E-01 8.680E-02 3.712E-14 1.602E-11 1.055E-09 1.489E-27 3.269E-17 2.101E-03 2.609E-10 4.055E-13 2.510E-09 3.979E-21
  8.275E+06 1.704E+02 2.015E+12 4.737E-08 2.000E-01 8.968E-02 3.214E-14 1.462E-11 8.955E-10 1.252E-27 3.164E-17 1.981E-03 2.158E-10 3.415E-13 2.136E-09 4.020E-21
  8.325E+06 1.704E+02 1.813E+12 4.263E-08 2.000E-01 9.258E-02 2.781E-14 1.333E-11 7.593E-10 1.053E-27 3.064E-17 1.866E-03 1.778E-10 2.875E-13 1.816E-09 4.057E-21
  8.375E+06 1.704E+02 1.631E+12 3.835E-08 2.000E-01 9.551E-02 2.405E-14 1.213E-11 6.433E-10 8.867E-28 2.967E-17 1.757E-03 1.460E-10 2.419E-13 1.544E-09 4.087E-21
  8.425E+06 1.704E+02 1.468E+12 3.451E-08 2.000E-01 9.845E-02 2.078E-14 1.103E-11 5.446E-10 7.472E-28 2.873E-17 1.654E-03 1.194E-10 2.035E-13 1.311E-09 4.110E-21
  8.475E+06 1.704E+02 1.321E+12 3.105E-08 2.000E-01 1.014E-01 1.795E-14 1.002E-11 4.608E-10 6.300E-28 2.783E-17 1.557E-03 9.739E-11 1.711E-13 1.113E-09 4.125E-21
  8.525E+06 1.704E+02 1.188E+12 2.794E-08 2.000E-01 1.044E-01 1.549E-14 9.085E-12 3.896E-10 5.315E-28 2.697E-17 1.466E-03 7.915E-11 1.438E-13 9.444E-10 4.131E-21
  8.575E+06 1.704E+02 1.069E+12 2.514E-08 2.000E-01 1.073E-01 1.337E-14 8.232E-12 3.293E-10 4.487E-28 2.614E-17 1.379E-03 6.412E-11 1.209E-13 8.011E-10 4.127E-21
  8.625E+06 1.704E+02 9.622E+11 2.262E-08 2.000E-01 1.103E-01 1.153E-14 7.450E-12 2.782E-10 3.791E-28 2.534E-17 1.298E-03 5.180E-11 1.016E-13 6.793E-10 4.113E-21
  8.675E+06 1.704E+02 8.658E+11 2.036E-08 2.000E-01 1.133E-01 9.943E-15 6.736E-12 2.349E-10 3.204E-28 2.458E-17 1.221E-03 4.173E-11 8.541E-14 5.758E-10 4.088E-21
  8.725E+06 1.704E+02 7.791E+11 1.832E-08 2.000E-01 1.164E-01 8.571E-15 6.083E-12 1.982E-10 2.711E-28 2.385E-17 1.150E-03 3.353E-11 7.183E-14 4.879E-10 4.051E-21
  8.775E+06 1.704E+02 7.011E+11 1.649E-08 2.000E-01 1.194E-01 7.386E-15 5.488E-12 1.672E-10 2.295E-28 2.315E-17 1.082E-03 2.687E-11 6.043E-14 4.133E-10 4.003E-21
  8.825E+06 1.704E+02 6.310E+11 1.484E-08 2.000E-01 1.224E-01 6.364E-15 4.946E-12 1.411E-10 1.944E-28 2.247E-17 1.019E-03 2.149E-11 5.087E-14 3.501E-10 3.942E-21
  8.875E+06 1.704E+02 5.678E+11 1.335E-08 2.000E-01 1.254E-01 5.482E-15 4.453E-12 1.189E-10 1.648E-28 2.183E-17 9.595E-04 1.715E-11 4.285E-14 2.965E-10 3.869E-21
  8.925E+06 1.704E+02 5.110E+11 1.202E-08 2.000E-01 1.285E-01 4.721E-15 4.004E-12 1.003E-10 1.398E-28 2.121E-17 9.039E-04 1.366E-11 3.613E-14 2.510E-10 3.784E-21
  8.975E+06 1.704E+02 4.599E+11 1.081E-08 2.000E-01 1.315E-01 4.066E-15 3.597E-12 8.450E-11 1.187E-28 2.061E-17 8.519E-04 1.087E-11 3.048E-14 2.125E-10 3.687E-21
  9.025E+06 1.704E+02 4.139E+11 9.732E-09 2.000E-01 1.346E-01 3.501E-15 3.227E-12 7.121E-11 1.009E-28 2.004E-17 8.032E-04 8.631E-12 2.575E-14 1.799E-10 3.579E-21
  9.075E+06 1.704E+02 3.725E+11 8.758E-09 2.000E-01 1.377E-01 3.014E-15 2.891E-12 5.999E-11 8.579E-29 1.950E-17 7.577E-04 6.845E-12 2.177E-14 1.523E-10 3.460E-21
  9.125E+06 1.704E+02 3.352E+11 7.883E-09 2.000E-01 1.407E-01 2.595E-15 2.588E-12 5.054E-11 7.301E-29 1.897E-17 7.153E-04 5.423E-12 1.842E-14 1.289E-10 3.332E-21
  9.175E+06 1.704E+02 3.017E+11 7.094E-09 2.000E-01 1.438E-01 2.234E-15 2.313E-12 4.257E-11 6.218E-29 1.847E-17 6.756E-04 4.293E-12 1.561E-14 1.091E-10 3.195E-21
  9.225E+06 1.704E+02 2.715E+11 6.385E-09 2.000E-01 1.469E-01 1.923E-15 2.065E-12 3.585E-11 5.300E-29 1.798E-17 6.387E-04 3.396E-12 1.324E-14 9.235E-11 3.052E-21
  9.275E+06 1.704E+02 2.444E+11 5.747E-09 2.000E-01 1.499E-01 1.656E-15 1.841E-12 3.020E-11 4.521E-29 1.751E-17 6.044E-04 2.685E-12 1.125E-14 7.818E-11 2.903E-21
  9.325E+06 1.704E+02 2.200E+11 5.172E-09 2.000E-01 1.530E-01 1.426E-15 1.640E-12 2.544E-11 3.859E-29 1.707E-17 5.725E-04 2.122E-12 9.563E-15 6.620E-11 2.751E-21
  9.375E+06 1.704E+02 1.980E+11 4.656E-09 2.000E-01 1.561E-01 1.229E-15 1.459E-12 2.143E-11 3.297E-29 1.663E-17 5.430E-04 1.678E-12 8.141E-15 5.608E-11 2.597E-21
  9.425E+06 1.704E+02 1.782E+11 4.190E-09 2.000E-01 1.592E-01 1.059E-15 1.297E-12 1.806E-11 2.819E-29 1.622E-17 5.157E-04 1.327E-12 6.939E-15 4.753E-11 2.443E-21
  9.475E+06 1.704E+02 1.604E+11 3.772E-09 2.000E-01 1.623E-01 9.141E-16 1.151E-12 1.523E-11 2.411E-29 1.582E-17 4.906E-04 1.050E-12 5.922E-15 4.032E-11 2.291E-21
  9.525E+06 1.704E+02 1.444E+11 3.395E-09 2.000E-01 1.654E-01 7.897E-16 1.022E-12 1.286E-11 2.065E-29 1.543E-17 4.677E-04 8.313E-13 5.061E-15 3.424E-11 2.144E-21
  9.575E+06 1.704E+02 1.300E+11 3.056E-09 2.000E-01 1.685E-01 6.837E-16 9.082E-13 1.087E-11 1.769E-29 1.506E-17 4.467E-04 6.592E-13 4.332E-15 2.914E-11 2.001E-21
  9.625E+06 1.704E+02 1.170E+11 2.751E-09 2.000E-01 1.716E-01 5.937E-16 8.078E-13 9.219E-12 1.517E-29 1.470E-17 4.279E-04 5.237E-13 3.715E-15 2.487E-11 1.867E-21
  9.675E+06 1.704E+02 1.053E+11 2.476E-09 2.000E-01 1.747E-01 5.178E-16 7.206E-13 7.849E-12 1.303E-29 1.435E-17 4.110E-04 4.169E-13 3.194E-15 2.132E-11 1.741E-21
  9.725E+06 1.704E+02 9.479E+10 2.229E-09 2.000E-01 1.778E-01 4.545E-16 6.460E-13 6.725E-12 1.122E-29 1.401E-17 3.963E-04 3.329E-13 2.756E-15 1.840E-11 1.627E-21
  9.775E+06 1.704E+02 8.533E+10 2.006E-09 2.000E-01 1.809E-01 4.027E-16 5.838E-13 5.818E-12 9.683E-30 1.369E-17 3.836E-04 2.667E-13 2.390E-15 1.603E-11 1.525E-21
  9.825E+06 1.704E+02 7.681E+10 1.806E-09 2.000E-01 1.841E-01 3.615E-16 5.339E-13 5.106E-12 8.411E-30 1.337E-17 3.732E-04 2.146E-13 2.091E-15 1.416E-11 1.438E-21
  9.875E+06 1.704E+02 6.915E+10 1.626E-09 2.000E-01 1.872E-01 3.304E-16 4.964E-13 4.574E-12 7.390E-30 1.306E-17 3.651E-04 1.735E-13 1.856E-15 1.277E-11 1.369E-21
  9.925E+06 1.704E+02 6.225E+10 1.464E-09 2.000E-01 1.903E-01 3.092E-16 4.715E-13 4.215E-12 6.633E-30 1.273E-17 3.594E-04 1.412E-13 1.688E-15 1.183E-11 1.319E-21
  9.975E+06 1.704E+02 5.604E+10 1.318E-09 2.000E-01 1.934E-01 2.983E-16 4.593E-13 4.030E-12 6.193E-30 1.228E-17 3.565E-04 1.171E-13 1.595E-15 1.134E-11 1.292E-21
