     ALT          P          T          FH2O           O3           THEAT        TCOOL        PSATCO2        FCO2
5.8429E+01  7.6980E-06 1.7039E+02    3.4128E-08    4.2715E-09    1.8416E+02   -1.8416E+02    1.0458E-01    2.0000E-01
5.7543E+01  9.3030E-06 1.7084E+02    4.4703E-08    5.4880E-09    3.7264E+01   -3.9215E+01    1.0969E-01    2.0000E-01
5.6661E+01  1.1227E-05 1.7151E+02    5.7250E-08    6.9006E-09    2.5158E+01   -2.3335E+01    1.1790E-01    2.0000E-01
5.5784E+01  1.3528E-05 1.7183E+02    7.1512E-08    8.5246E-09    1.9749E+01   -1.8460E+01    1.2193E-01    2.0000E-01
5.4913E+01  1.6279E-05 1.7157E+02    8.7095E-08    1.0318E-08    1.7190E+01   -1.6724E+01    1.1864E-01    2.0000E-01
5.4052E+01  1.9560E-05 1.7105E+02    1.0353E-07    1.2441E-08    1.5934E+01   -1.5984E+01    1.1224E-01    2.0000E-01
5.3200E+01  2.3469E-05 1.7050E+02    1.2264E-07    1.4565E-08    1.5171E+01   -1.5398E+01    1.0583E-01    2.0000E-01
5.2357E+01  2.8119E-05 1.7002E+02    1.4475E-07    1.6538E-08    1.4514E+01   -1.4706E+01    1.0048E-01    2.0000E-01
5.1524E+01  3.3642E-05 1.6961E+02    1.7034E-07    1.8165E-08    1.3802E+01   -1.3872E+01    9.6063E-02    2.0000E-01
5.0699E+01  4.0192E-05 1.6922E+02    1.9928E-07    1.9217E-08    1.3012E+01   -1.2964E+01    9.2009E-02    2.0000E-01
4.9884E+01  4.7948E-05 1.6879E+02    2.3445E-07    1.9360E-08    1.2219E+01   -1.2125E+01    8.7824E-02    2.0000E-01
4.9077E+01  5.7118E-05 1.6832E+02    2.7404E-07    1.8590E-08    1.1535E+01   -1.1491E+01    8.3349E-02    2.0000E-01
4.8279E+01  6.7945E-05 1.6781E+02    3.1981E-07    1.6878E-08    1.1046E+01   -1.1134E+01    7.8816E-02    2.0000E-01
4.7491E+01  8.0709E-05 1.6733E+02    3.7120E-07    1.4222E-08    1.0766E+01   -1.1013E+01    7.4696E-02    2.0000E-01
4.6711E+01  9.5732E-05 1.6694E+02    4.2395E-07    1.0668E-08    1.0636E+01   -1.1028E+01    7.1490E-02    2.0000E-01
4.5940E+01  1.1339E-04 1.6668E+02    4.7268E-07    6.9142E-09    1.0644E+01   -1.0905E+01    6.9380E-02    2.0000E-01
4.5176E+01  1.3411E-04 1.6649E+02    5.0319E-07    3.8595E-09    1.0632E+01   -1.0656E+01    6.7954E-02    2.0000E-01
4.4420E+01  1.5839E-04 1.6629E+02    4.9303E-07    2.2147E-09    1.0526E+01   -1.0318E+01    6.6427E-02    2.0000E-01
4.3672E+01  1.8679E-04 1.6597E+02    4.2961E-07    2.1322E-09    1.0322E+01   -9.9318E+00    6.4044E-02    2.0000E-01
4.2933E+01  2.1998E-04 1.6545E+02    3.4319E-07    3.3979E-09    1.0020E+01   -9.5614E+00    6.0342E-02    2.0000E-01
4.2202E+01  2.5869E-04 1.6470E+02    2.6545E-07    5.4472E-09    9.6007E+00   -9.1912E+00    5.5322E-02    2.0000E-01
4.1483E+01  3.0377E-04 1.6373E+02    2.0553E-07    7.4550E-09    9.0209E+00   -8.7402E+00    4.9408E-02    2.0000E-01
4.0774E+01  3.5619E-04 1.6260E+02    1.6261E-07    8.8664E-09    8.2371E+00   -8.1459E+00    4.3227E-02    2.0000E-01
4.0077E+01  4.1707E-04 1.6139E+02    1.3331E-07    9.6147E-09    7.2388E+00   -7.3985E+00    3.7397E-02    2.0000E-01
3.9392E+01  4.8765E-04 1.6021E+02    1.1202E-07    9.8699E-09    6.0848E+00   -6.5390E+00    3.2414E-02    2.0000E-01
3.8718E+01  5.6935E-04 1.5920E+02    9.8159E-08    9.7645E-09    4.9121E+00   -5.6470E+00    2.8592E-02    2.0000E-01
3.8053E+01  6.6379E-04 1.5845E+02    8.8381E-08    9.3787E-09    3.8935E+00   -4.8150E+00    2.6064E-02    2.0000E-01
3.7398E+01  7.7278E-04 1.5806E+02    8.1379E-08    8.7922E-09    3.1630E+00   -4.1319E+00    2.4815E-02    2.0000E-01
3.6749E+01  8.9838E-04 1.5804E+02    7.6253E-08    8.0926E-09    2.7609E+00   -3.6571E+00    2.4749E-02    2.0000E-01
3.6107E+01  1.0429E-03 1.5836E+02    7.2401E-08    7.3330E-09    2.6340E+00   -3.3957E+00    2.5753E-02    2.0000E-01
3.5469E+01  1.2089E-03 1.5895E+02    6.9302E-08    6.5803E-09    2.6787E+00   -3.2962E+00    2.7733E-02    2.0000E-01
3.4834E+01  1.3993E-03 1.5975E+02    6.6610E-08    5.8572E-09    2.7786E+00   -3.2837E+00    3.0627E-02    2.0000E-01
3.4202E+01  1.6174E-03 1.6070E+02    6.4317E-08    5.1765E-09    2.8771E+00   -3.3039E+00    3.4419E-02    2.0000E-01
3.3573E+01  1.8669E-03 1.6177E+02    6.2202E-08    4.5590E-09    2.9477E+00   -3.3211E+00    3.9140E-02    2.0000E-01
3.2946E+01  2.1516E-03 1.6291E+02    6.0330E-08    3.9953E-09    2.9730E+00   -3.2968E+00    4.4845E-02    2.0000E-01
3.2321E+01  2.4763E-03 1.6409E+02    5.8528E-08    3.4945E-09    2.9378E+00   -3.1876E+00    5.1565E-02    2.0000E-01
3.1698E+01  2.8459E-03 1.6529E+02    5.6500E-08    3.0649E-09    2.8280E+00   -2.9681E+00    5.9220E-02    2.0000E-01
3.1077E+01  3.2659E-03 1.6644E+02    5.4030E-08    2.6845E-09    2.6349E+00   -2.6497E+00    6.7521E-02    2.0000E-01
3.0459E+01  3.7425E-03 1.6748E+02    5.2300E-08    2.3486E-09    2.3617E+00   -2.2826E+00    7.5960E-02    2.0000E-01
2.9843E+01  4.2826E-03 1.6838E+02    5.4016E-08    2.0117E-09    2.0310E+00   -1.9390E+00    8.3957E-02    2.0000E-01
2.9232E+01  4.8935E-03 1.6913E+02    5.9545E-08    1.6964E-09    1.6850E+00   -1.6821E+00    9.1129E-02    2.0000E-01
2.8625E+01  5.5836E-03 1.6975E+02    6.7993E-08    1.4233E-09    1.3725E+00   -1.5359E+00    9.7531E-02    2.0000E-01
2.8022E+01  6.3618E-03 1.7031E+02    7.9240E-08    1.1810E-09    1.1297E+00   -1.4794E+00    1.0367E-01    2.0000E-01
2.7424E+01  7.2381E-03 1.7089E+02    9.2318E-08    9.9342E-10    9.6867E-01   -1.4672E+00    1.1033E-01    2.0000E-01
2.6831E+01  8.2233E-03 1.7154E+02    1.0485E-07    8.4686E-10    8.7725E-01   -1.4582E+00    1.1830E-01    2.0000E-01
2.6242E+01  9.3291E-03 1.7230E+02    1.1419E-07    7.3796E-10    8.2952E-01   -1.4286E+00    1.2821E-01    2.0000E-01
2.5657E+01  1.0569E-02 1.7317E+02    1.2232E-07    6.5371E-10    7.9948E-01   -1.3689E+00    1.4047E-01    2.0000E-01
2.5076E+01  1.1955E-02 1.7413E+02    1.2669E-07    5.8863E-10    7.6947E-01   -1.2820E+00    1.5526E-01    2.0000E-01
2.4498E+01  1.3505E-02 1.7516E+02    1.2800E-07    5.3728E-10    7.3157E-01   -1.1824E+00    1.7257E-01    2.0000E-01
2.3924E+01  1.5233E-02 1.7623E+02    1.2825E-07    4.9212E-10    6.8535E-01   -1.0869E+00    1.9224E-01    2.0000E-01
2.3353E+01  1.7158E-02 1.7730E+02    1.3035E-07    4.4717E-10    6.3422E-01   -1.0115E+00    2.1409E-01    2.0000E-01
2.2787E+01  1.9298E-02 1.7837E+02    1.3657E-07    4.0223E-10    5.8313E-01   -9.6307E-01    2.3807E-01    2.0000E-01
2.2223E+01  2.1674E-02 1.7944E+02    1.4767E-07    3.5793E-10    5.3671E-01   -9.3545E-01    2.6430E-01    2.0000E-01
2.1664E+01  2.4308E-02 1.8052E+02    1.6230E-07    3.1633E-10    4.9774E-01   -9.1380E-01    2.9317E-01    2.0000E-01
2.1108E+01  2.7223E-02 1.8160E+02    1.8081E-07    2.7719E-10    4.6660E-01   -8.8438E-01    3.2512E-01    2.0000E-01
2.0556E+01  3.0443E-02 1.8270E+02    2.0060E-07    2.4143E-10    4.4157E-01   -8.4013E-01    3.6056E-01    2.0000E-01
2.0008E+01  3.3996E-02 1.8381E+02    2.2271E-07    2.0809E-10    4.2007E-01   -7.8381E-01    3.9963E-01    2.0000E-01
1.9464E+01  3.7908E-02 1.8491E+02    2.4740E-07    1.7634E-10    3.9991E-01   -7.2402E-01    4.4226E-01    2.0000E-01
1.8924E+01  4.2211E-02 1.8600E+02    2.7399E-07    1.4436E-10    3.8021E-01   -6.7036E-01    4.8816E-01    2.0000E-01
1.8388E+01  4.6934E-02 1.8706E+02    3.0418E-07    1.1389E-10    3.6120E-01   -6.2939E-01    5.3705E-01    2.0000E-01
1.7856E+01  5.2110E-02 1.8810E+02    3.3770E-07    8.5019E-11    3.4360E-01   -6.0057E-01    5.8878E-01    2.0000E-01
1.7329E+01  5.7775E-02 1.8911E+02    3.7379E-07    5.8273E-11    3.2786E-01   -5.7744E-01    6.4342E-01    2.0000E-01
1.6807E+01  6.3963E-02 1.9010E+02    4.1196E-07    3.5466E-11    3.1398E-01   -5.5166E-01    7.0123E-01    2.0000E-01
1.6290E+01  7.0712E-02 1.9107E+02    4.5047E-07    1.7769E-11    3.0150E-01   -5.1696E-01    7.6239E-01    2.0000E-01
1.5777E+01  7.8062E-02 1.9203E+02    4.9016E-07    6.3769E-12    2.8978E-01   -4.7215E-01    8.2693E-01    2.0000E-01
1.5270E+01  8.6051E-02 1.9296E+02    5.2904E-07    1.9683E-12    2.7828E-01   -4.1969E-01    8.9447E-01    2.0000E-01
1.4767E+01  9.4722E-02 1.9387E+02    5.6918E-07    8.1853E-13    2.6677E-01   -3.6529E-01    9.6431E-01    2.0000E-01
1.4270E+01  1.0412E-01 1.9473E+02    6.0906E-07    4.2335E-13    2.5368E-01   -3.1129E-01    1.0354E+00    2.0000E-01
1.3779E+01  1.1428E-01 1.9554E+02    6.4922E-07    2.0969E-13    2.3902E-01   -2.6311E-01    1.1068E+00    2.0000E-01
1.3293E+01  1.2525E-01 1.9630E+02    6.8781E-07    8.6760E-14    2.2556E-01   -2.2550E-01    1.1771E+00    2.0000E-01
1.2813E+01  1.3709E-01 1.9700E+02    7.2232E-07    3.1567E-14    2.1349E-01   -1.9375E-01    1.2457E+00    2.0000E-01
1.2339E+01  1.4982E-01 1.9765E+02    7.5236E-07    1.2663E-14    2.0283E-01   -1.6219E-01    1.3116E+00    2.0000E-01
1.1872E+01  1.6350E-01 1.9824E+02    7.7927E-07    6.1122E-15    1.9448E-01   -1.4788E-01    1.3743E+00    2.0000E-01
1.1411E+01  1.7818E-01 1.9879E+02    2.7117E-06    3.3900E-15    2.0099E-01   -3.7559E-01    1.4362E+00    2.0000E-01
1.0956E+01  1.9389E-01 1.9936E+02    4.0000E-06    2.0598E-15    2.0159E-01   -3.0007E-01    1.5014E+00    2.0000E-01
1.0508E+01  2.1069E-01 2.0016E+02    4.0000E-06    1.3084E-15    1.9237E-01   -2.2402E-01    1.5982E+00    2.0000E-01
1.0062E+01  2.2861E-01 2.0455E+02    4.0000E-06    8.2882E-16    1.8706E-01   -3.6827E-01    2.2315E+00    2.0000E-01
9.6134E+00  2.4770E-01 2.0920E+02    4.6366E-06    5.0152E-16    1.8659E-01   -5.3913E-01    3.1269E+00    2.0000E-01
9.1635E+00  2.6800E-01 2.1384E+02    8.8195E-06    2.3522E-16    2.0363E-01   -9.7762E-01    4.3156E+00    2.0000E-01
8.7122E+00  2.8955E-01 2.1846E+02    1.6287E-05    1.0423E-16    2.3159E-01   -1.4785E+00    5.6210E+00    2.0000E-01
8.2599E+00  3.1238E-01 2.2306E+02    2.9204E-05    4.8455E-17    2.6965E-01   -1.9229E+00    6.8038E+00    2.0000E-01
7.8070E+00  3.3652E-01 2.2761E+02    5.0838E-05    2.4599E-17    3.1553E-01   -2.2582E+00    8.1495E+00    2.0000E-01
7.3540E+00  3.6202E-01 2.3208E+02    8.5869E-05    1.3997E-17    3.6611E-01   -2.5225E+00    9.6592E+00    2.0000E-01
6.9014E+00  3.8888E-01 2.3646E+02    1.4063E-04    9.0773E-18    4.2046E-01   -2.6802E+00    1.1328E+01    2.0000E-01
6.4498E+00  4.1714E-01 2.4071E+02    2.2315E-04    6.5581E-18    4.7451E-01   -2.6692E+00    1.3143E+01    2.0000E-01
5.9997E+00  4.4681E-01 2.4480E+02    3.4291E-04    5.1199E-18    5.2029E-01   -2.5693E+00    1.5085E+01    2.0000E-01
5.5519E+00  4.7791E-01 2.4872E+02    5.1030E-04    4.1528E-18    5.5455E-01   -2.4531E+00    1.7133E+01    2.0000E-01
5.1068E+00  5.1043E-01 2.5244E+02    7.3591E-04    3.1654E-18    5.7741E-01   -2.3076E+00    1.9259E+01    2.0000E-01
4.6652E+00  5.4439E-01 2.5595E+02    1.0297E-03    2.2510E-18    5.9099E-01   -2.1391E+00    2.1438E+01    2.0000E-01
4.2277E+00  5.7977E-01 2.5925E+02    1.4007E-03    1.6004E-18    5.9837E-01   -1.9135E+00    2.3646E+01    2.0000E-01
3.7949E+00  6.1656E-01 2.6235E+02    1.8562E-03    1.1594E-18    6.0216E-01   -1.6260E+00    2.5866E+01    2.0000E-01
3.3672E+00  6.5475E-01 2.6526E+02    2.4023E-03    8.4773E-19    6.0503E-01   -1.3369E+00    2.8081E+01    2.0000E-01
2.9454E+00  6.9430E-01 2.6798E+02    3.0436E-03    6.3057E-19    6.0747E-01   -1.1024E+00    3.0281E+01    2.0000E-01
2.5297E+00  7.3519E-01 2.7053E+02    3.7835E-03    4.7741E-19    6.0656E-01   -9.3170E-01    3.2457E+01    2.0000E-01
2.1207E+00  7.7737E-01 2.7293E+02    4.6241E-03    3.6612E-19    5.9936E-01   -8.5784E-01    3.4604E+01    2.0000E-01
1.7186E+00  8.2078E-01 2.7541E+02    5.6357E-03    2.8379E-19    5.8946E-01   -8.7066E-01    3.6938E+01    2.0000E-01
1.3236E+00  8.6538E-01 2.7778E+02    6.6023E-03    2.2185E-19    5.6734E-01   -8.9759E-01    3.9275E+01    2.0000E-01
9.3597E-01  9.1109E-01 2.8006E+02    7.8099E-03    1.7499E-19    5.5761E-01   -9.6116E-01    4.1621E+01    2.0000E-01
5.5608E-01  9.5784E-01 2.8221E+02    9.0067E-03    1.3825E-19    5.5305E-01   -1.0961E+00    4.3938E+01    2.0000E-01
1.8422E-01  1.0055E+00 2.8428E+02    1.0372E-02    1.0818E-19    5.6855E-01   -1.1897E+00    4.6254E+01    2.0000E-01
0.0000E+00  1.0299E+00 2.8528E+02    1.1121E-02    1.1100E-19    0.0000E+00    0.0000E+00    4.7410E+01    2.0000E-01
